AyX[xq] 2 2 0 0 1 1 0 0 0
X[xx]] 2 2 0 0 1 1 0 0 0
(X[xx]^(-X[xy])) 2 2 0 0 1 1 0 0 0
(X[xy]) 2 2 0 0 1 1 0 0 0
() 2 2 0 0 1 1 0 0 0
(X[xy]vX[yx])) 2 2 0 0 1 1 0 0 0
AyX[xy] 2 2 0 0 1 1 0 0 0
Ex-X[xx] 2 2 1 1 0 0 0 0 1
AxEyX[xy] 3 3 0 0 1 2 2 1 0 1 2
Ax(X[xx]>Ey-X[xy]) 3 4 0 1 1 1 1 0 1 2 1 1 1
(X[xy]vX[yx]) 2 1 0 0 0 0 0 
(X[xy]vX[yx]) 2 1 0 0 0 1 0 
X[xy] 3 4 0 1 0 2 1 2 2 2 2 2 2
-X[xy] 3 4 0 1 0 2 1 2 2 2 1 2 3
(X[xy]^X[xy]) 3 4 0 1 0 2 1 2 2 2 2 2 2
(X[xy]^-X[xy]) 3 4 0 1 0 2 1 2 2 2 2 2 2
(X[xy]v-X[xy]) 3 4 0 1 0 2 1 2 2 2 0 1 2 
(X[xy]>-X[yx]) 3 4 0 1 0 2 1 2 2 2 0 0 0
ExX[xy] 3 4 0 1 0 2 1 2 2 2 0 2 0 
ExX[xy] 3 4 0 1 0 2 1 2 2 2 0 0 0
-AxX[xy] 3 4 0 1 0 2 1 2 2 2 0 1 2
AxX[xy] 3 4 0 1 0 2 1 2 2 2 0 1 2
EyX[zz] 3 4 0 1 0 2 1 2 2 2 1 1 2 
ExEyX[xy] 3 4 0 1 0 2 1 2 2 2 0 0 0 
AxEyX[xy] 3 4 0 1 0 2 1 2 2 2 1 1 1 
AxEyX[yx] 3 4 0 1 0 2 1 2 2 2 1 1 1 
ExAyX[yx] 3 4 0 1 0 2 1 2 2 2 1 1 1 
(X[xy]>-X[yx]) 3 4 0 1 0 2 1 2 2 2 1 1 1 
(X[xy]>-X[yx]) 3 4 0 1 0 2 1 2 2 2 0 2 1 
(X[xy]>-X[yx]) 3 4 0 1 0 2 1 2 2 2 2 2 1
ExEy(X[xy]^Ex(X[yx]^Ey(X[xy]^ExX[yx]))) 4 4 0 1 12 23 3 0 1 1 1
(ExAyX[yx]>AxEyX[xy]) 4 4 0 0 1 0 2 0 3 0 1 1 1
ExEyEz((X[yx]^X[zx])^X[yz]) 4 4 1 0 2 0 3 0 3 1 1 1 1
Ex((X[xx]^X[xy])^X[xz]) 4 3 3 0 3 1 3 2 0 1 2 
Ax(X[xx]>Ey-X[xy]) 3 4 0 1 1 1 1 0 1 2 1 1 1
